time,x,y,z,phi,theta,psi,x_velocity,y_velocity,z_velocity,phi_velocity,theta_velocity,psi_velocity,rotor_speed1,rotor_speed2,rotor_speed3,rotor_speed4
0.06,-7.83581848034e-07,1.12127465998e-07,10.005651009,0.000111048299517,0.000551432285866,0.0,-6.29797315626e-05,1.03993277237e-05,0.188353961778,0.00531710025647,0.0231182442931,0.0,462.8741842834771,464.6895477298933,464.185143393666,464.6021009976811
0.12000000000000001,-2.14246087209e-05,4.27545351153e-06,10.0202708616,0.000389593419425,0.00173448331197,0.0,-0.000759239224995,0.000159359513298,0.298951153097,0.00325764161218,0.0118605387792,0.0,440.5497603747584,439.61806884519257,440.60224717130797,440.4318940994471
0.18,-0.000114464344581,2.52985182829e-05,10.0460385324,0.00100693245478,0.00233655242376,0.0,-0.00242492185889,0.00059602058949,0.559879530963,0.0215602925355,0.00610642505371,0.0,485.91146437969087,485.47985139005976,484.4412457045793,485.8152025773005
0.23999999999999996,-0.000316763094702,9.04736221586e-05,10.0856336848,0.00199190118874,0.00257450541512,0.0,-0.00435384981441,0.00171264409169,0.759846751888,0.00337139958266,-0.000701738923491,0.0,467.8993828621538,467.3690634818846,468.8709180639353,467.45580465658537
0.3,-0.000626257098356,0.000231389600585,10.1324016234,0.00207170552432,0.00234587915879,0.0,-0.00595076589354,0.00299794346606,0.799057672523,-0.00310213033947,-0.0108938461462,0.0,418.5048324416667,417.61695310200935,417.76648098525607,417.20169769768563
0.36000000000000004,-0.00103023459853,0.000454421921636,10.183822506,0.00199283214324,0.00149638154908,0.0,-0.00743754740601,0.00442269437784,0.914885962573,0.00204047726788,-0.0216512736444,0.0,442.5485515025361,441.66242112446776,442.805113167161,443.2279329833553
0.4200000000000001,-0.00150281064519,0.0007620014829,10.2420443178,0.00183143670367,0.000147844246331,0.0,-0.00817777136483,0.00583008728734,1.02574794902,-0.0144051942445,-0.0241773086106,0.0,441.24107485177655,441.0324802086325,441.93015062617206,440.5727241572825
0.48000000000000015,-0.00199110064589,0.00114421626687,10.3053539753,0.000879565358271,6.28183088991,0.0,-0.00795703941517,0.00682339215682,1.08451985294,-0.0189555687232,-0.026816256546,0.0,424.6907164192227,424.4641975063599,425.0066522844602,424.6165912968459
0.5400000000000001,-0.00242719746242,0.00157020871867,10.3777172177,6.2826618392,6.27996975729,0.0,-0.00636839929617,0.00722215950511,1.32733808848,-0.0341677780565,-0.0411296397985,0.0,481.8108940865185,480.7273683696074,481.82216625976025,480.6708101792675
0.6000000000000002,-0.00271796724259,0.00198193126861,10.4645426193,6.28115855562,6.27730880362,0.0,-0.0030117986526,0.00628974524956,1.56654405522,-0.0112193339778,-0.0517211101644,0.0,480.8884027895073,480.084534379864,480.1457922940794,481.8833448209061
0.6600000000000003,-0.00274600130254,0.00230889615153,10.5645889924,6.28092447016,6.27444573188,0.0,0.00242333813178,0.00456012734773,1.76804312542,0.00773967488688,-0.0407219763797,0.0,470.32281027782716,471.1725802496005,469.2341741825438,470.70360188756285
0.7200000000000003,-0.00240621302428,0.00253649421331,10.6742151764,6.28150210552,6.27145661895,0.0,0.00917011152109,0.00308166807012,1.88597334001,0.0131578109535,-0.0826510365105,0.0,447.48326014009905,444.05506230506626,445.2118332268791,445.654767158729
0.7800000000000004,-0.00160320306025,0.00269061035465,10.78973484,6.28227532306,6.26684937522,0.0,0.0180658873586,0.00213297199166,1.9645440327,0.012339690097,-0.0670854121803,0.0,432.4430789152963,433.74723563850364,434.0639632104736,433.9951902636397
0.8400000000000004,-0.00013172713909,0.00280114366264,10.9126373377,6.28311195444,6.26286192214,0.0,0.0314267153456,0.00164017924632,2.13190099203,0.0169731896644,-0.065231099051,0.0,461.5085039889613,461.65172323118827,461.18449881305025,461.5501905609355
0.9000000000000005,0.00229061066279,0.00290242975683,11.0483864361,0.000605806985761,6.25866914854,0.0,0.0498141266211,0.00184707960447,2.39254982337,-0.00347184437463,-0.0813307933249,0.0,489.51256014275936,488.3097689864514,490.698342501134,489.1782413752665
0.9600000000000005,0.00591785809481,0.00302738625563,11.1993873355,0.00016451052287,6.25352795949,0.0,0.0716985127649,0.00227938084146,2.64025858341,-0.0165457914927,-0.0962447499653,0.0,487.0356311842058,485.91347379775567,487.5860003063187,486.60843455345304
1.0200000000000005,0.0109590247789,0.00316362431155,11.3641954084,6.28203090828,6.24742154989,0.0,0.0970255252215,0.00212855832945,2.85281488687,-0.0360094406047,-0.116108049079,0.0,478.33978276625805,476.81634472337447,478.67283933929235,477.1893689535568
1.0800000000000005,0.0176576455298,0.00325449507517,11.5413655299,6.2797637695,6.24037536133,0.0,0.127060145561,0.000643306041172,3.05231130949,-0.0415973718126,-0.12023247429,0.0,474.72485829267583,474.39685095183336,475.6847195413589,475.2560338267516
1.1400000000000006,0.0261505423464,0.00321684558018,11.7265293086,6.2774760767,6.23336890605,0.0,0.156718219498,-0.00212905727481,3.11959793554,-0.0319647359507,-0.110631988651,0.0,435.0981790716378,435.88863203954196,435.3731093736804,436.1775653043033
1.2000000000000006,0.0367667247806,0.0029448834486,11.9198120205,6.27538948671,6.22740630129,0.0,0.197856224423,-0.0071664580463,3.32254752393,-0.0410931201482,-0.0831670611375,0.0,476.11048171796875,478.1990163660824,478.3694915940345,477.6734380847574
1.2600000000000007,0.0497464436374,0.00235363435112,12.1210438442,6.27255917385,6.22297355245,0.0,0.235240128054,-0.0127913609687,3.38496292197,-0.0635131007865,-0.0598450024907,0.0,434.2676694281125,436.2149959223572,437.4080894636376,435.5353721674579
1.3200000000000007,0.0652772220766,0.00132273966136,12.3297191779,6.26849969096,6.21912741938,0.0,0.282841522244,-0.0220140611775,3.57028192489,-0.0775958456837,-0.0743701832648,0.0,475.2343435494498,474.11685116298236,474.0347687285443,472.9481175591169
1.3800000000000008,0.0837292533035,-0.000352984587412,12.5490946562,6.26357290311,6.21533747275,0.0,0.332646811604,-0.0343711613596,3.74164023627,-0.093159649361,-0.0470058581754,0.0,470.46396939388853,472.57512135580106,471.43766603143666,470.2283280401945
1.4400000000000008,0.105005557444,-0.00281269373995,12.7751779199,6.25796815835,6.21271733773,0.0,0.376807385647,-0.0481466611233,3.79425547792,-0.0939224105462,-0.0377160593767,0.0,435.1035273248676,435.8794878177267,436.05075162758453,435.97945780938585
1.5000000000000009,0.129139641809,-0.00626488061121,13.006662299,6.25308433862,6.21050702734,0.0,0.427866250705,-0.0674637166973,3.92141795638,-0.063880309054,-0.035139138993,0.0,460.08069482012843,460.2841117580051,457.69116704669005,460.07051530610283
1.560000000000001,0.156142130077,-0.0108729684328,13.2424693153,6.24878030953,6.208358181,0.0,0.472400325382,-0.0864938700282,3.93871760545,-0.0960555834282,-0.0371990863004,0.0,425.1225760186023,424.9453840943299,427.84969082208545,425.0965460080601
1.620000000000001,0.185999231101,-0.0167753694361,13.4812149403,6.24276489769,6.20635720326,0.0,0.523020257606,-0.110823580929,4.01913720871,-0.110355903833,-0.0265900953195,0.0,446.7762250866845,447.6399735173725,445.9311083848505,444.75254816968777
1.680000000000001,0.219046490537,-0.0243236152499,13.7262714296,6.23602383848,6.20438056622,0.0,0.578699456451,-0.141474187504,4.14888624913,-0.1166695164,-0.0503545539391,0.0,462.8599456002306,460.9852786651619,462.74940181444487,462.2414032256989
1.740000000000001,0.25535064983,-0.0337774688104,13.9774525552,6.22860573265,6.20150551916,0.0,0.631701595594,-0.174340871373,4.22346486185,-0.143584751336,-0.0434428808247,0.0,445.9445787213446,446.5074482470034,447.43516833001536,445.22396398389645
1.8000000000000012,0.294948444928,-0.0453965019543,14.233803076,6.21995182023,6.19878783727,0.0,0.688458956778,-0.21381434811,4.32108906329,-0.145556965147,-0.0492811752886,0.0,454.80549136157674,454.33645353411083,453.97006410002916,453.7928094394347
1.8600000000000012,0.337835920357,-0.0594313884447,14.4939796046,6.21124772585,6.19602600615,0.0,0.741368357895,-0.254803452862,4.35124356088,-0.144109410688,-0.040215959401,0.0,433.7267256415273,434.48616174385603,433.55732770169465,433.6586944626576
1.9200000000000013,0.383826425686,-0.0759862080714,14.7545876015,6.20266024411,6.19380035201,0.0,0.791841820463,-0.297756071945,4.33564682115,-0.141226793034,-0.0314871365901,0.0,418.98439252673654,419.7419359387783,419.01142212663166,419.241513122997
1.9800000000000013,0.433098477611,-0.0954629100143,15.0166565408,6.19458071492,6.19199455913,0.0,0.850706045254,-0.352239927862,4.39961927611,-0.124006754129,-0.0274515577002,0.0,444.69203498062194,445.0222279441421,445.0076211694428,446.3982189388962
2.0400000000000014,0.48601496933,-0.118439980348,15.2834094496,6.1878737385,6.19022287894,0.0,0.913304038227,-0.414329922812,4.49166102813,-0.0945729901551,-0.034042112816,0.0,455.29568655442495,454.7677873153254,453.48064935437264,455.82774343001955
2.1000000000000014,0.542931683692,-0.145487501351,15.5578832729,6.18196590503,6.18803329488,0.0,0.98407991029,-0.487826960365,4.65666495502,-0.107667803758,-0.0419095907132,0.0,477.9072143193162,477.30659196589147,478.7270648001721,477.7218566805614
2.1600000000000015,0.603825946468,-0.17674146477,15.8389328208,6.17550755678,6.18561243041,0.0,1.0459281331,-0.554556001337,4.7112846244,-0.107581916152,-0.0373947107593,0.0,446.1207554208194,446.48846154145116,445.3257645215972,445.3226344480211
2.2200000000000015,0.668605663647,-0.212268029892,16.1245676612,6.16932008698,6.18281153952,0.0,1.11357923772,-0.630250109992,4.80930489503,-0.0954440782692,-0.0813309706011,0.0,461.6358760339311,458.1536066342941,459.9247912490285,460.87631725958374
2.2800000000000016,0.737268591777,-0.252186872085,16.4136906413,6.16357646971,6.17773545814,0.0,1.17561031366,-0.70087196162,4.82786697903,-0.0962983556022,-0.0921046152441,0.0,436.47918049988147,435.57291294514374,436.584845158857,436.50556466330005
2.3400000000000016,0.810062334765,-0.296803799069,16.7068473443,6.15746041754,6.17302724964,0.0,1.25130262075,-0.786898716466,4.94330000986,-0.116644441358,-0.0598723555475,0.0,465.5938288229011,468.10404391778627,468.4879571235495,466.8943875022944
2.4000000000000017,0.887322903048,-0.346526166447,17.0054206361,6.15048678968,6.16944576346,0.0,1.32434376217,-0.871138585699,5.00863258106,-0.115406067812,-0.059332187001,0.0,452.88971615655294,452.93073170057943,453.6681024546102,453.75575439048583
2.4600000000000017,0.969295349891,-0.401742291211,17.310144501,6.14421091591,6.16609715186,0.0,1.40834544343,-0.9700018047,5.14794956663,-0.0888662878027,-0.0495639698535,0.0,476.2922523696559,477.03693184966164,476.3260228231685,478.34247216544463
2.520000000000002,1.05674026422,-0.463450754854,17.6262493886,6.13838570041,6.16318603075,0.0,1.50668277928,-1.08744097651,5.38748796673,-0.123513485062,-0.0465066801296,0.0,506.29910589435315,506.51791782370447,510.2538698931019,507.76668560889703
2.580000000000002,1.15003364059,-0.532219716322,17.9557417292,6.13100304683,6.16221029614,0.0,1.60312256081,-1.20556024607,5.59428283345,-0.122122749975,0.0138567560818,0.0,498.3745132023986,502.7674988731589,501.6799144658987,501.7690779337838
2.640000000000002,1.24914545444,-0.608284399425,18.2978214816,6.12410986709,6.16277163592,0.0,1.70034014264,-1.33058664777,5.80702303636,-0.103359083775,-0.00165084256325,0.0,506.84139905678137,505.7253511635416,503.656198448996,505.00139415991305
2.700000000000002,1.35324732473,-0.690922093329,18.6458868215,6.11829730918,6.16252825428,0.0,1.7697008988,-1.42451194364,5.79499753283,-0.0863339983141,-0.00936338133594,0.0,441.1108469537032,440.4734243980034,438.447053342614,439.85124453260636
2.760000000000002,1.4615313038,-0.779322270521,18.9933787973,6.11348992791,6.16204141721,0.0,1.83977008109,-1.52258315504,5.78788398133,-0.0699459751955,-0.00572533404743,0.0,440.6675933345504,440.9684033387125,442.32519508659135,443.66772152301843
2.820000000000002,1.57386318057,-0.873469541526,19.3391465014,6.10951413897,6.16152336023,0.0,1.90464545093,-1.61602145788,5.73776565858,-0.0597647147192,-0.0152004037996,0.0,427.73891765239915,426.93117096883304,428.46898028084064,429.33039952236913
2.880000000000002,1.69025232263,-0.973516482349,19.6831862686,6.10603733339,6.16055716883,0.0,1.97503057098,-1.71917885752,5.73004682011,-0.0545398193712,-0.0179727183182,0.0,441.80787792536836,441.57928420557465,442.0690732363326,442.49714089425544
2.940000000000002,1.81050087683,-1.07927923933,20.0237583272,6.10249147619,6.15946226366,0.0,2.03335406255,-1.80658474711,5.62271242882,-0.0702707545506,-0.0188055616017,0.0,408.9340019243397,408.8598201461145,409.3057028703838,407.9000656329758
3.000000000000002,1.93450995833,-1.1907086533,20.3598622073,6.0982989308,6.15821047657,0.0,2.10035378104,-1.90810300586,5.58072418494,-0.0690976437436,-0.0253328677376,0.0,430.9760566603924,430.4238723231461,429.9832703057317,430.0787679378995
3.0600000000000023,2.06295671158,-1.30889299248,20.6965736892,6.09420326307,6.15703580906,0.0,2.18123578562,-2.03170283577,5.64238786852,-0.0666392997159,-0.0100220079843,0.0,463.1835997846137,464.3864107244097,463.7233019906587,463.9131116217936
3.1200000000000023,2.19651275288,-1.43494075897,21.0388524309,6.09021778075,6.15686605333,0.0,2.27052112584,-2.17017875479,5.76595729376,-0.0659991423733,0.00865125292212,0.0,484.0232384696894,485.42683431159065,482.9309618889478,482.97635919407526
3.1800000000000024,2.33533803702,-1.56926868452,21.3879138823,6.08647301195,6.15729107607,0.0,2.35679703499,-2.30770249743,5.86858808889,-0.0560655047797,0.00374817444484,0.0,479.11850198992187,478.7453951655468,479.60119681885965,480.35270948396055
3.2400000000000024,2.4785923354,-1.71079941561,21.7374538932,6.08337617311,6.15723181402,0.0,2.41833151818,-2.41033066735,5.78297977185,-0.0439393146196,-0.0127202312856,0.0,422.17821798171644,420.75453456300545,419.7680739997014,420.817391918958
3.3000000000000025,2.62604100478,-1.85933646955,22.0857715663,6.08230085658,6.15675941943,0.0,2.49658165862,-2.54101824896,5.82711881419,0.00992760897008,0.000388863495981,0.0,461.75038067058654,462.78371444627055,461.1806854662038,465.41655297386006
3.3600000000000025,2.77814420983,-2.01567837514,22.4364384728,6.08264587534,6.1566694863,0.0,2.57343235331,-2.67032404502,5.86140262513,-0.00428903765773,-0.0055706809291,0.0,461.5868839857097,461.11626544580207,460.4927580636744,459.3664590417665
3.4200000000000026,2.93480177613,-2.17971114135,22.7887790012,6.08225538516,6.15676596421,0.0,2.64840589048,-2.79746979919,5.88295210841,-0.0113637013441,0.0130703735373,0.0,457.0273742311154,458.51106002462893,457.4087624178711,456.84498279818547
3.4800000000000026,3.09602627098,-2.35152828815,23.1430597524,6.08116343929,6.15781576429,0.0,2.72554398995,-2.92983322097,5.92595516598,-0.0376082845013,0.0251357164827,0.0,464.9139847226856,465.8584962605693,465.3384203001446,463.27895637120884
3.5400000000000027,3.26124051902,-2.53036304985,23.495209565,6.07877597626,6.15879828406,0.0,2.78150003461,-3.03165974587,5.81280156624,-0.044557822084,-0.0137380720612,0.0,415.69613203801975,412.2746684003403,415.37897110297166,414.7679710689507
3.6000000000000028,3.43021515056,-2.71604502225,23.8438681939,6.07607416452,6.15878030109,0.0,2.85094132439,-3.15800718831,5.80888690532,-0.045991785938,0.0181200858055,0.0,448.9719103745686,451.54992380339513,450.16495758565276,450.0477398045798
3.660000000000003,3.60341892414,-2.90950132239,24.1928964847,6.07278910454,6.15952139438,0.0,2.92233210051,-3.29081463504,5.8250187542,-0.084825435845,-0.00285001325015,0.0,457.19792554227126,455.5235985089123,459.4082256699594,456.31551784341605
3.720000000000003,3.78060661678,-3.11054024309,24.5406850895,6.0677593897,6.15927661957,0.0,2.9838969739,-3.41097376511,5.76790128893,-0.0819071153319,-0.00665981295688,0.0,434.5589294049051,434.23944956121255,433.93454034110334,434.1735879441507
3.780000000000003,3.96172191365,-3.31929760089,24.8869044625,6.06271099448,6.15851296048,0.0,3.05323705659,-3.54805847539,5.77231902826,-0.0890245715131,-0.0290349430894,0.0,455.9722193484326,454.1808390717925,454.0041204981316,453.42689619564055
3.840000000000003,4.14663807463,-3.53574498877,25.2305053442,6.05710088681,6.15653670998,0.0,3.11075783507,-3.66739235021,5.68113835808,-0.104425006189,-0.0421809857271,0.0,424.3251895379531,423.19431799986774,424.48095453124955,423.14892137998083
3.900000000000003,4.33525989982,-3.75986310882,25.5703690356,6.05093919776,6.15414255665,0.0,3.17678163219,-3.80377447364,5.64733676963,-0.0994439303673,-0.0356971618906,0.0,443.19355098218654,443.7254568214312,442.14212839280685,442.54319637147637
3.960000000000003,4.52816647291,-3.99280440993,25.9103604658,6.04498791113,6.15146319344,0.0,3.25353065381,-3.96144462333,5.6849438722,-0.0986817123188,-0.0763088397251,0.0,468.3915711738025,465.2202292255492,466.07280593225425,466.12442834087796
4.020000000000002,4.7260252049,-4.23586028707,26.2547141427,6.03862919745,6.14696228121,0.0,3.342063643,-4.14087635019,5.79220320711,-0.127454734521,-0.0725472686313,0.0,489.775386159091,490.0512893978357,489.91674772914365,487.7629862950204
